75
(17,-144)->(-73,-124)
(-73,-124)->(-143,-20)
(-143,-20)->(-102,23)
(-102,23)->(7,17)
(7,17)->(90,14)
(90,14)->(135,13)
(135,13)->(144,-27)
(144,-27)->(132,-66)
(132,-66)->(99,-95)
(99,-95)->(51,-117)
(51,-117)->(19,-142)
(19,-142)->(17,-148)
(-51,-90)->(-37,-87)
(-37,-87)->(-33,-75)
(-33,-75)->(-39,-57)
(-39,-57)->(-46,-57)
(-46,-57)->(-55,-57)
(-55,-57)->(-63,-61)
(-63,-61)->(-63,-76)
(-63,-76)->(-63,-80)
(-63,-80)->(-52,-88)
(-52,-88)->(-50,-90)
(-50,-90)->(34,-90)
(34,-90)->(55,-75)
(55,-75)->(62,-56)
(62,-56)->(62,-53)
(62,-53)->(43,-53)
(43,-53)->(33,-57)
(33,-57)->(31,-71)
(31,-71)->(29,-78)
(29,-78)->(29,-84)
(29,-84)->(30,-90)
(30,-90)->(-66,23)
(-69,24)->(-67,45)
(-67,45)->(-59,64)
(-59,64)->(-48,64)
(-48,64)->(-39,55)
(-39,55)->(-39,34)
(-39,34)->(-39,27)
(-39,27)->(-39,22)
(-39,22)->(61,15)
(61,15)->(67,39)
(67,39)->(67,39)
(67,39)->(81,52)
(81,52)->(101,51)
(101,51)->(102,46)
(102,46)->(102,38)
(102,38)->(102,22)
(102,22)->(99,17)
(99,17)->(98,12)
(-64,85)->(-74,119)
(-74,119)->(-75,133)
(-75,133)->(-54,149)
(-54,149)->(-36,149)
(-36,149)->(-35,133)
(-35,133)->(-20,148)
(-20,148)->(-10,149)
(-10,149)->(-10,136)
(-10,136)->(-14,116)
(-14,116)->(-21,105)
(-21,105)->(-34,97)
(-34,97)->(-47,90)
(-47,90)->(-57,83)
(-57,83)->(-57,83)
(-57,83)->(-61,82)
(-61,82)->(93,73)
(93,73)->(71,123)
(71,123)->(74,141)
(74,141)->(82,144)
(82,144)->(89,125)
(89,125)->(107,139)
(107,139)->(119,146)
(119,146)->(121,118)
(121,118)->(107,89)
(107,89)->(92,70)
